0.456752 27.9 0.005
0.448699 25.9 0.00583
0.440524 23.9 0.00679778
0.432212 22.1 0.00792621
0.423764 20.5 0.00924196
0.415188 19 0.0107761
0.406486 17.7 0.012565
0.397643 16.3 0.0146507
0.388655 15.2 0.0170828
0.379529 14 0.0199185
0.370263 13.1 0.023225
0.360825 12.1 0.0270803
0.351276 11.3 0.0315757
0.341573 10.5 0.0368172
0.331677 9.7 0.0429289
0.321661 9.1 0.0500551
0.31151 8.4 0.0583642
0.30116 7.8 0.0680527
0.290714 7.3 0.0793494
0.280034 6.9 0.0925215
0.269218 6.4 0.10788
0.258342 5.9 0.125788
0.247224 5.6 0.146669
0.235996 5.3 0.171016
0.224529 4.9 0.199405
0.213032 4.5 0.232506
0.201251 4.3 0.271102
0.189486 4 0.316105
0.177529 3.9 0.368578
0.165443 3.6 0.429762
0.153149 3.5 0.501102
