0.405008 28.1 0.005
0.396175 26.1 0.00583
0.387222 24.2 0.00679778
0.378121 22.5 0.00792621
0.368894 20.9 0.00924196
0.359511 19.4 0.0107761
0.349998 18 0.012565
0.340323 16.8 0.0146507
0.330504 15.6 0.0170828
0.320544 14.5 0.0199185
0.310415 13.4 0.023225
0.300145 12.5 0.0270803
0.289733 11.7 0.0315757
0.279152 10.9 0.0368172
0.268407 10.3 0.0429289
0.25754 9.5 0.0500551
0.246478 8.9 0.0583642
0.235318 8.4 0.0680527
0.223966 7.9 0.0793494
0.21248 7.4 0.0925215
0.200895 6.9 0.10788
0.189118 6.6 0.125788
0.177239 6.1 0.146669
0.165288 5.8 0.171016
0.153178 5.5 0.199405
0.141023 5.3 0.232506
0.128806 5 0.271102
0.116548 4.7 0.316105
0.104266 4.5 0.368578
0.0920859 4.4 0.429762
0.080002 4.2 0.501102
