0.0762 0.005
0.0804 0.00583
0.085 0.00679778
0.0894 0.00792621
0.0944 0.00924196
0.0992 0.0107761
0.1044 0.012565
0.1098 0.0146507
0.1152 0.0170828
0.121 0.0199185
0.1268 0.023225
0.1328 0.0270803
0.1388 0.0315757
0.145 0.0368172
0.1512 0.0429289
0.1574 0.0500551
0.1638 0.0583642
0.1698 0.0680527
0.176 0.0793494
0.1816 0.0925215
0.1874 0.10788
0.1924 0.125788
0.1974 0.146669
0.2014 0.171016
0.2048 0.199405
0.2072 0.232506
0.2086 0.271102
0.2086 0.316105
0.2072 0.368578
0.204 0.429762
0.1986 0.501102
