0.0862 0.005
0.0914 0.00583
0.0966 0.00679778
0.1022 0.00792621
0.108 0.00924196
0.1142 0.0107761
0.1206 0.012565
0.1274 0.0146507
0.1344 0.0170828
0.1416 0.0199185
0.1492 0.023225
0.1572 0.0270803
0.1654 0.0315757
0.1736 0.0368172
0.1824 0.0429289
0.1912 0.0500551
0.2006 0.0583642
0.21 0.0680527
0.2194 0.0793494
0.2292 0.0925215
0.239 0.10788
0.2486 0.125788
0.2584 0.146669
0.268 0.171016
0.2776 0.199405
0.2866 0.232506
0.2952 0.271102
0.3032 0.316105
0.3104 0.368578
0.3168 0.429762
0.3218 0.501102
