0.719721 0.719639 5
0.725632 0.725753 5.4
0.731833 0.731649 5.8
0.737445 0.737309 6.2
0.742738 0.742747 6.6
0.747866 0.747964 7
0.752995 0.752967 7.4
0.758055 0.75777 7.8
0.762335 0.76238 8.2
0.766607 0.766807 8.6
0.77085 0.771058 9
0.775238 0.775144 9.4
0.779106 0.779079 9.8
0.782608 0.782863 10.2
0.786296 0.786509 10.6
0.790281 0.790022 11
0.793196 0.793409 11.4
0.796641 0.796679 11.8
0.799862 0.799836 12.2
0.802969 0.802885 12.6
0.805732 0.805835 13
0.808899 0.808688 13.4
0.811625 0.81145 13.8
0.814042 0.814122 14.2
0.816582 0.816712 14.6
0.819075 0.819077 15