0.649928 0.649271 5
0.655512 0.654941 5.4
0.660394 0.660598 5.8
0.666525 0.66621 6.2
0.671395 0.671741 6.6
0.677083 0.677175 7
0.682739 0.682495 7.4
0.688427 0.687693 7.8
0.693547 0.692761 8.2
0.69764 0.697698 8.6
0.702261 0.7025 9
0.707263 0.707048 9.4
0.711154 0.711589 9.8
0.715182 0.715999 10.2
0.720582 0.720283 10.6
0.724145 0.724441 11
0.728531 0.728481 11.4
0.731728 0.732403 11.8
0.735639 0.736213 12.2
0.739102 0.739916 12.6
0.743008 0.743513 13
0.746849 0.747008 13.4
0.750301 0.750408 13.8
0.753303 0.753713 14.2
0.756902 0.756886 14.6
0.760412 0.760015 15
