0.853175 0.85347 5
0.85651 0.856715 5.4
0.859695 0.859524 5.8
0.861776 0.862045 6.2
0.864612 0.864362 6.6
0.866274 0.866535 7
0.869005 0.868589 7.4
0.870975 0.870552 7.8
0.872582 0.872438 8.2
0.8737 0.873949 8.6
0.875838 0.875703 9
0.877292 0.877403 9.4
0.878747 0.879052 9.8
0.880379 0.880654 10.2
0.882498 0.882211 10.6
0.883521 0.883724 11
0.885491 0.885199 11.4
0.886905 0.886536 11.8
0.888128 0.887934 12.2
0.889472 0.889295 12.6
0.890617 0.890623 13
0.891933 0.891917 13.4
0.893457 0.893133 13.8
0.894046 0.894364 14.2
0.895308 0.895565 14.6
0.896933 0.896736 15
