0.554509 0.554451 5
0.565879 0.565386 5.4
0.574941 0.575713 5.8
0.585254 0.585487 6.2
0.595095 0.594748 6.6
0.603356 0.603544 7
0.612321 0.611909 7.4
0.620657 0.619877 7.8
0.628092 0.627477 8.2
0.635175 0.634736 8.6
0.641486 0.641678 9
0.648752 0.648326 9.4
0.654311 0.654699 9.8
0.660664 0.660812 10.2
0.667392 0.66669 10.6
0.672871 0.672319 11
0.677031 0.677758 11.4
0.683275 0.682994 11.8
0.687345 0.688045 12.2
0.692818 0.692916 12.6
0.697247 0.697621 13
0.702832 0.702167 13.4
0.705866 0.706563 13.8
0.710168 0.710817 14.2
0.715124 0.714938 14.6
0.718749 0.718924 15
