0.83391 0.834185 5
0.834431 0.83436 5.4
0.834741 0.834553 5.8
0.834522 0.834765 6.2
0.835026 0.835001 6.6
0.83558 0.83525 7
0.835839 0.835522 7.4
0.836123 0.835813 7.8
0.835761 0.836134 8.2
0.836534 0.836453 8.6
0.836916 0.836805 9
0.837239 0.83719 9.4
0.838014 0.837568 9.8
0.837592 0.837983 10.2
0.838054 0.838421 10.6
0.839069 0.838878 11
0.838891 0.839352 11.4
0.840358 0.839856 11.8
0.840382 0.840378 12.2
0.841003 0.840918 12.6
0.841871 0.841481 13
0.841838 0.841926 13.4
0.842518 0.842528 13.8
0.843374 0.843154 14.2
0.843302 0.843795 14.6
0.844411 0.844454 15