0.592346 0.592735 5
0.602336 0.603105 5.4
0.613053 0.612877 5.8
0.622135 0.622104 6.2
0.631076 0.630836 6.6
0.639282 0.63911 7
0.646483 0.646968 7.4
0.655224 0.654446 7.8
0.661825 0.661564 8.2
0.668909 0.668354 8.6
0.674512 0.674804 9
0.680298 0.681006 9.4
0.687062 0.686947 9.8
0.6919 0.692639 10.2
0.697537 0.698103 10.6
0.703416 0.703351 11
0.707749 0.708398 11.4
0.713749 0.713254 11.8
0.718053 0.717929 12.2
0.722417 0.72244 12.6
0.726144 0.726779 13
0.730461 0.730979 13.4
0.734769 0.735039 13.8
0.738421 0.738964 14.2
0.743309 0.742761 14.6
0.746578 0.746438 15
