0.567178 0.567282 5
0.578021 0.578075 5.4
0.588207 0.588256 5.8
0.597874 0.597881 6.2
0.606197 0.606997 6.6
0.615747 0.61565 7
0.623866 0.623869 7.4
0.632196 0.631697 7.8
0.639949 0.639156 8.2
0.646981 0.646278 8.6
0.653643 0.653086 9
0.659069 0.659596 9.4
0.665968 0.665837 9.8
0.671313 0.671788 10.2
0.677661 0.67754 10.6
0.682389 0.683063 11
0.688927 0.688378 11.4
0.693208 0.693496 11.8
0.698864 0.698428 12.2
0.703591 0.703186 12.6
0.708177 0.707779 13
0.71199 0.712215 13.4
0.715943 0.716503 13.8
0.720944 0.72065 14.2
0.725181 0.724651 14.6
0.72813 0.728546 15
