0.077 9
0.078 8.9
0.0785 8.8
0.079 8.7
0.0795 8.6
0.08 8.5
0.081 8.4
0.0815 8.3
0.082 8.2
0.0825 8.1
0.083 8
0.0835 7.9
0.084 7.8
0.085 7.7
0.086 7.6
0.086 7.5
0.087 7.4
0.088 7.3
0.0885 7.2
0.0895 7.1
0.09 7
0.0905 6.9
0.0915 6.8
0.0925 6.7
0.093 6.6
0.094 6.5
0.0945 6.4
0.0955 6.3
0.0965 6.2
0.0975 6.1
0.098 6
0.099 5.9
0.1 5.8
0.101 5.7
0.102 5.6
0.103 5.5
0.104 5.4
0.105 5.3
0.106 5.2
0.1075 5.1
0.109 5
0.1095 4.9
0.111 4.8
0.1125 4.7
0.1135 4.6
0.115 4.5
0.1165 4.4
0.1175 4.3
0.1195 4.2
0.1205 4.1
0.122 4
0.124 3.9
0.1255 3.8
0.127 3.7
0.1295 3.6
0.131 3.5
0.133 3.4
0.135 3.3
0.137 3.2
0.1395 3.1
0.142 3
