0.1408 1
0.1424 1.1
0.1438 1.2
0.145 1.3
0.1462 1.4
0.1474 1.5
0.1484 1.6
0.149 1.7
0.15 1.8
0.1508 1.9
0.1514 2
0.152 2.1
0.1526 2.2
0.1532 2.3
0.1538 2.4
0.1542 2.5
0.1546 2.6
0.1552 2.7
0.1556 2.8
0.156 2.9
0.1564 3
0.1566 3.1
0.157 3.2
0.1574 3.3
0.1576 3.4
0.1578 3.5
0.1582 3.6
0.1586 3.7
0.1588 3.8
0.159 3.9
0.1592 4
0.1594 4.1
0.1596 4.2
0.1598 4.3
0.16 4.4
0.1604 4.5
0.1604 4.6
0.1606 4.7
0.161 4.8
0.161 4.9
0.1612 5
0.1614 5.1
0.1614 5.2
0.1616 5.3
0.1616 5.4
0.1618 5.5
0.162 5.6
0.162 5.7
0.1622 5.8
0.1622 5.9
0.1624 6
0.1626 6.1
0.1628 6.2
0.1628 6.3
0.1628 6.4
0.163 6.5
0.163 6.6
0.1632 6.7
0.1634 6.8
0.1634 6.9
0.1636 7
0.1636 7.1
0.1636 7.2
0.1638 7.3
0.164 7.4
0.164 7.5
0.164 7.6
0.164 7.7
0.1642 7.8
0.1642 7.9
0.1642 8

