0.17125 2
0.16725 2.1
0.1635 2.2
0.16025 2.3
0.157 2.4
0.154 2.5
0.151 2.6
0.1485 2.7
0.14575 2.8
0.143 2.9
0.14075 3
0.1385 3.1
0.13625 3.2
0.13425 3.3
0.132 3.4
0.13025 3.5
0.12825 3.6
0.1265 3.7
0.12475 3.8
0.123 3.9
0.12125 4
0.11975 4.1
0.11825 4.2
0.117 4.3
0.1155 4.4
0.114 4.5
0.11275 4.6
0.1115 4.7
0.11 4.8
0.109 4.9
0.10775 5
0.1065 5.1
0.1055 5.2
0.10425 5.3
0.10325 5.4
0.10225 5.5
0.10125 5.6
0.10025 5.7
0.09925 5.8
0.09825 5.9
0.09725 6
0.0965 6.1
0.0955 6.2
0.09475 6.3
0.09375 6.4
0.093 6.5
0.09225 6.6
0.0915 6.7
0.09075 6.8
0.08975 6.9
0.089 7
0.0885 7.1
0.08775 7.2
0.087 7.3
0.08625 7.4
0.08575 7.5
0.085 7.6
0.0845 7.7
0.08375 7.8
0.08325 7.9
0.0825 8
0.082 8.1
0.08125 8.2
0.0805 8.3
0.08025 8.4
0.0795 8.5
0.079 8.6
0.07825 8.7
0.078 8.8
0.0775 8.9
0.077 9
0.0765 9.1
0.076 9.2
0.0755 9.3
0.07475 9.4
0.07425 9.5
0.07375 9.6
0.0735 9.7
0.073 9.8
0.0725 9.9
0.072 10
