0.662393 38.5 2
0.656864 37.9 2.1
0.651371 37.5 2.2
0.645934 37 2.3
0.640544 36.5 2.4
0.635222 36.1 2.5
0.629966 35.7 2.6
0.624783 35.3 2.7
0.619671 35 2.8
0.614645 34.7 2.9
0.609693 34.4 3
0.604817 34.1 3.1
0.600017 33.8 3.2
0.595303 33.5 3.3
0.590665 33.3 3.4
0.586098 33.1 3.5
0.581605 32.8 3.6
0.577195 32.6 3.7
0.572845 32.5 3.8
0.568579 32.2 3.9
0.564375 32.1 4
0.560244 31.8 4.1
0.556178 31.7 4.2
0.552178 31.6 4.3
0.548243 31.4 4.4
0.54437 31.3 4.5
0.540561 31.1 4.6
0.536809 31 4.7
0.533119 30.8 4.8
0.529483 30.7 4.9
0.525908 30.6 5
0.522381 30.4 5.1
0.518916 30.3 5.2
0.515494 30.2 5.3
0.512135 30.1 5.4
0.50881 30 5.5
0.505553 29.9 5.6
0.50233 29.8 5.7
0.499162 29.7 5.8
0.496037 29.6 5.9
0.492952 29.5 6
0.48992 29.5 6.1
0.48692 29.3 6.2
0.483972 29.3 6.3
0.481061 29.2 6.4
0.478182 29.2 6.5
0.475357 29 6.6
0.472564 29 6.7
0.469799 28.9 6.8
0.467088 28.9 6.9
0.464405 28.8 7
0.461751 28.7 7.1
0.45914 28.6 7.2
0.456564 28.6 7.3
0.454015 28.6 7.4
0.451494 28.5 7.5
0.449017 28.5 7.6
0.446569 28.3 7.7
0.444147 28.3 7.8
0.441751 28.3 7.9
0.43939 28.2 8
0.437061 28.2 8.1
0.434758 28.1 8.2
0.432481 28.1 8.3
0.430228 28.1 8.4
0.428 28 8.5
0.425808 28 8.6
0.423639 27.9 8.7
0.421495 27.9 8.8
0.419374 27.9 8.9
0.417276 27.8 9
0.415201 27.8 9.1
0.413149 27.7 9.2
0.41112 27.7 9.3
0.409116 27.7 9.4
0.407136 27.6 9.5
0.405178 27.6 9.6
0.40324 27.6 9.7
0.401323 27.5 9.8
0.399427 27.5 9.9
0.397551 27.4 10
